ip=34 [1, 10550400, 0, 10551348, 34, 0]	seti 0 0 0	[0, 10550400, 0, 10551348, 34, 0]
ip=35 [0, 10550400, 0, 10551348, 35, 0]	seti 0 2 4	[0, 10550400, 0, 10551348,  0, 0]
ip= 1 [0, 10550400, 0, 10551348,  1, 0]	seti 1 9 5	[0, 10550400, 0, 10551348,  1, 1]
ip= 2 [0, 10550400, 0, 10551348,  2, 1]	seti 1 5 2	[0, 10550400, 1, 10551348,  2, 1]
ip= 3 [0, 10550400, 1, 10551348,  3, 1]	mulr 5 2 1	[0,        1, 1, 10551348,  3, 1]
ip= 4 [0,        1, 1, 10551348,  4, 1]	eqrr 1 3 1	[0,        0, 1, 10551348,  4, 1]
ip= 5 [0,        0, 1, 10551348,  5, 1]	addr 1 4 4	[0,        0, 1, 10551348,  5, 1]
ip= 6 [0,        0, 1, 10551348,  6, 1]	addi 4 1 4	[0,        0, 1, 10551348,  7, 1]
ip= 8 [0,        0, 1, 10551348,  8, 1]	addi 2 1 2	[0,        0, 2, 10551348,  8, 1]
ip= 9 [0,        0, 2, 10551348,  9, 1]	gtrr 2 3 1	[0,        0, 2, 10551348,  9, 1]
ip=10 [0,        0, 2, 10551348, 10, 1]	addr 4 1 4	[0,        0, 2, 10551348, 10, 1]
ip=11 [0,        0, 2, 10551348, 11, 1]	seti 2 6 4	[0,        0, 2, 10551348,  2, 1]
ip= 3 [0,        0, 2, 10551348,  3, 1]	mulr 5 2 1	[0,        2, 2, 10551348,  3, 1]
ip= 4 [0,        2, 2, 10551348,  4, 1]	eqrr 1 3 1	[0,        0, 2, 10551348,  4, 1]
ip= 5 [0,        0, 2, 10551348,  5, 1]	addr 1 4 4	[0,        0, 2, 10551348,  5, 1]
ip= 6 [0,        0, 2, 10551348,  6, 1]	addi 4 1 4	[0,        0, 2, 10551348,  7, 1]
ip= 8 [0,        0, 2, 10551348,  8, 1]	addi 2 1 2	[0,        0, 3, 10551348,  8, 1]
ip= 9 [0,        0, 3, 10551348,  9, 1]	gtrr 2 3 1	[0,        0, 3, 10551348,  9, 1]
ip=10 [0,        0, 3, 10551348, 10, 1]	addr 4 1 4	[0,        0, 3, 10551348, 10, 1]
ip=11 [0,        0, 3, 10551348, 11, 1]	seti 2 6 4	[0,        0, 3, 10551348,  2, 1]
ip= 3 [0,        0, 3, 10551348,  3, 1]	mulr 5 2 1	[0,        3, 3, 10551348,  3, 1]
ip= 4 [0,        3, 3, 10551348,  4, 1]	eqrr 1 3 1	[0,        0, 3, 10551348,  4, 1]
ip= 5 [0,        0, 3, 10551348,  5, 1]	addr 1 4 4	[0,        0, 3, 10551348,  5, 1]
ip= 6 [0,        0, 3, 10551348,  6, 1]	addi 4 1 4	[0,        0, 3, 10551348,  7, 1]
ip= 8 [0,        0, 3, 10551348,  8, 1]	addi 2 1 2	[0,        0, 4, 10551348,  8, 1]
ip= 9 [0,        0, 4, 10551348,  9, 1]	gtrr 2 3 1	[0,        0, 4, 10551348,  9, 1]

                if (register[program.ip] == 3)
                {
                    // mulr 5 2 1
                    register[1] = register[5] * register[2];

                    // eqrr 1 3 1
                    if (register[1] == register[3])
                    {
                        register[1] = 1;
                    }
                    else
                    {
                        register[1] = 0;
                    }

                    // addr 1 4 4
                    register[4] = register[1] + register[4];

                    // addi 4 1 4
                    register[4] = register[4] + 1;

                    // addi 2 1 2
                    register[2] = register[1] + 1;

                    // gtrr 2 3 1
                    if (register[2] > register[3])
                    {
                        register[1] = 1;
                    }
                    else
                    {
                        register[1] = 0;
                    }

                    // addr 4 1 4
                    register[4] = register[4] + register[1];

                    // seti 2 6 4
                    register[4] = 2;
                }